80.1598 -67.0572 29.1596
52.8078 -24.4617 32.6237
-86.6632 0.0159368 -49.1421
-15.1206 8.21935 -18.0886
-61.0951 -81.4339 22.4872
-91.6791 15.2818 -30.6506
-48.8715 -40.3013 81.2653
40.5074 45.8838 -31.7442
-72.7704 -96.0961 -33.5264
66.3488 -72.195 -77.0858
-39.8416 27.0576 92.6403
-11.1964 -81.3903 24.8491
41.905 36.8979 -77.4275
-23.1271 88.1909 -76.9195
13.3845 85.5526 -57.74
52.0528 -22.8768 -59.3786
48.0171 30.0341 -8.16165
21.7023 -92.2099 -4.33819
-5.9113 -29.7325 -76.1504
73.7835 -22.5361 -77.824
-31.2454 28.9383 68.8047
-40.8313 -57.7066 79.4268
-35.1587 22.2672 -73.2154
39.1636 -40.6291 65.5392
58.7158 -20.3792 -22.2858
22.0398 95.4761 -74.0304
-74.2832 85.0458 8.74802
26.1033 86.4381 24.7649
-52.1057 -77.1437 -12.1671
20.1975 -49.6634 74.676
8.94104 97.1435 -13.8005
58.332 96.7521 -55.9586
-39.6411 37.2542 67.6778
84.8394 -68.0892 51.888
94.7065 -68.9959 97.3765
-68.6039 -31.3651 -4.53844
-98.9839 -92.917 60.2329
-51.3745 -38.6253 3.76863
0.480571 -55.6092 -20.2508
17.3062 -10.3362 -6.60412
-8.8266 86.336 1.55229
-29.8182 80.7929 -70.3856
-9.43819 35.9838 73.7408
-49.4994 -3.4181 -86.361
-49.3013 -61.5112 31.9241
10.9682 99.4485 -49.0798
-16.1555 61.2488 -40.1591
-61.6864 -15.4828 -18.3769
-99.123 -89.8011 -93.6493
56.072 30.0317 58.3763
76.9764 22.0255 50.467
15.493 -21.0062 -51.5677
66.5233 47.048 -67.3525
96.4582 -0.934049 36.8048
-89.5976 -96.1153 -90.4388
28.6134 -83.5848 -51.0884
95.6752 -40.0948 -1.10094
-54.6751 -63.3959 -77.5507
-66.534 -64.1633 45.4501
77.5448 55.2337 18.9583
4.24661 -80.3957 -19.7128
-25.0104 -9.4758 73.9471
96.78 -77.6571 33.2147
74.7613 -69.5013 -53.1879
68.8246 68.5478 -91.9889
64.1469 82.1279 60.0375
-43.2208 15.854 -92.6996
-82.7585 -89.7723 -56.3942
66.7314 70.2875 -29.6223
4.04353 -79.8049 55.9121
-19.8825 -28.685 51.2074
-84.3073 -86.8976 -93.3875
77.6579 1.60701 -50.1958
-2.45285 -60.0906 67.0927
-62.9425 -15.586 53.7139
64.6488 24.6385 19.8568
81.3884 47.5715 12.3168
-77.4151 -42.1446 16.6785
13.7205 38.4765 -55.3111
-39.7493 -18.8538 -51.0925
-21.3771 80.4151 -78.6809
88.3796 32.9838 79.1501
-39.1205 -85.2629 -39.7213
63.1326 96.0549 93.9957
41.1714 -6.11627 -19.5548
65.7869 8.68664 -25.7693
-82.1017 -3.28978 62.5626
59.4429 39.7384 1.20094
38.8361 40.1675 79.1844
23.8416 -33.8637 33.379
-36.1221 -31.4777 -7.99634
-42.1884 12.1834 23.8911
4.94731 93.1952 -83.1216
-42.9071 4.97099 -22.8356
-24.3453 -17.6967 91.8674
-32.2691 48.5468 10.4881
-17.3693 55.8854 86.0428
60.0315 -14.2524 -17.4721
50.6009 -41.3712 79.3594
87.3004 -47.7713 39.8136
-44.5205 33.3725 -53.8882
-58.9004 -91.5222 90.1234
-24.2433 55.5574 -83.9364
-27.4358 33.64 -68.5162
44.4264 -62.8665 -76.3423
51.0473 -74.4524 94.8617
86.4762 -45.1133 39.9026
62.0896 49.7819 39.3359
-90.7134 -36.1269 4.84441
0.827856 5.44353 -89.0691
-99.3512 16.1607 -14.589
-9.6571 -88.1052 7.97601
-36.8736 39.1205 -99.453
83.4001 64.3184 -83.4577
61.9176 -18.6788 -94.0807
85.1222 -15.6247 49.136
7.75246 -17.3559 -38.6179
34.484 -13.9474 -64.6758
-33.8946 -71.2459 16.6936
85.6584 79.7733 20.7569
72.5596 -31.0716 -81.0328
-15.3552 -42.1818 -87.0274
-23.695 81.2601 1.92795
-98.741 68.5082 -11.7697
-51.8292 7.7042 53.9021
92.6923 -46.3637 80.6689
19.309 69.2102 -78.129
84.5166 -45.7208 -7.81794
98.6437 1.9456 -55.2544
-91.8183 -2.42266 38.3349
22.003 61.039 31.7454
-53.819 -70.6091 -44.5334
21.4358 -37.9449 -91.4116
38.8638 27.8979 -82.3031
-66.262 35.5285 6.77121
-32.1556 -37.7909 97.5788
53.043 44.5417 73.2211
-9.63996 95.2112 56.1118
71.5183 90.2325 -45.2564
88.7117 66.7997 -12.3651
21.0131 -93.8346 37.6713
47.3578 -55.7897 62.9637
-95.821 -25.5322 -87.1464
71.0458 37.2428 45.9999
-80.7878 99.1991 -82.3856
37.8931 -39.6976 71.4034
-72.6447 50.183 -61.7491
80.4439 -64.7459 11.9266
-41.325 97.7126 65.6774
89.6948 -97.427 -63.6955
19.9391 -0.861985 87.3432
-42.2891 88.9066 0.815386
-2.86503 -86.6885 -32.692
-98.7646 11.6732 -63.9372
24.6367 47.1385 -91.6827
-18.1893 -57.7421 -15.7457
87.906 87.1495 41.7904
14.5775 -46.1147 -70.0008
95.6514 -33.1222 37.6502
-94.7405 51.1044 -99.6446
-61.2918 28.4113 96.7343
-61.6736 94.9669 72.7859
16.5526 -40.8459 -53.2775
42.2634 50.8625 19.2171
59.8495 48.0349 85.8839
41.4551 51.7562 -0.618847
-80.154 -54.0587 86.327
-36.5903 -77.8966 92.3634
-95.3817 -53.6823 -6.02775
74.4509 79.7263 -89.0693
-41.4494 24.1665 85.2462
30.3822 -29.2639 90.1744
36.1644 -93.0935 -32.605
-36.9652 61.2099 82.9927
-71.5558 47.2727 -50.2021
-51.1437 -62.1005 15.695
-18.8207 -10.1894 59.7553
37.7606 22.973 -21.3673
-81.4789 -92.2279 -99.569
88.8219 -75.4976 41.6215
65.698 70.5136 49.5819
69.8871 -78.5267 -42.5494
77.2327 75.1149 -56.0193
47.4947 -38.7643 -4.96616
48.8329 39.5711 71.0434
-88.2779 -18.6728 -73.0012
98.0999 64.9617 -46.335
0.129956 -70.9738 41.5312
-67.7963 -31.6533 -23.8839
-78.1641 -8.12487 -77.8097
79.8131 -47.3854 -16.0683
-3.31759 17.3781 -59.8962
-70.6333 70.9053 -7.59406
-57.9485 8.83533 -59.479
-25.219 14.7692 92.5759
-23.8548 86.2676 -43.5606
-87.0069 55.5841 66.2744
-47.8523 61.1376 81.0578
-73.5924 -68.6716 -47.0362
5.64156 96.9081 24.7526
79.4579 -33.4581 18.1668
79.6863 -87.0601 13.1525
-88.3843 87.3861 -86.8034
-66.9523 37.0564 73.7647
60.7897 -29.4712 41.1021
66.2862 -6.20642 -45.6574
84.7884 88.4534 28.791
66.7359 -15.308 -97.8902
-30.9989 -72.7746 92.3741
7.00102 -47.301 9.78085
-99.6084 -65.1857 -47.2405
-26.3561 -65.8297 -39.0459
-83.7923 80.2077 42.6969
3.63079 -15.9986 -30.6577
95.9371 -67.328 -13.7325
-29.9421 -51.4873 -33.2714
1.86763 -88.4458 -93.9383
61.3438 19.854 35.486
98.2581 -93.4782 -22.4756
-67.2498 83.9334 2.0364
-66.6569 92.5906 -78.175
-83.9363 29.2539 55.7666
12.8215 70.697 80.7545
-47.8089 87.1845 96.5101
-37.9646 62.7054 -25.7095
85.926 93.1363 26.1727
-49.4415 -8.83669 -55.0158
2.00576 80.5031 -2.75076
-28.8952 -81.4963 -88.7482
-54.9397 41.1226 -18.8695
-93.6941 16.2206 43.3243
-72.7748 -68.6996 12.8414
13.4198 -9.71788 -78.2409
42.9936 76.4636 -86.0112
25.6287 56.0068 99.6014
-54.8607 -58.5042 -15.8031
85.5818 90.3915 96.1637
80.7186 20.9285 -23.8153
56.9545 -54.0157 -45.8393
-52.1695 -45.9427 97.438
16.2075 -76.6138 26.8679
24.6653 -83.6883 67.3983
43.0792 61.6581 83.9191
46.5202 57.1238 65.153
-63.1554 -15.6781 83.8386
80.0824 94.4309 92.1892
12.1079 -85.967 9.25781
-50.8963 -90.586 9.64182
-67.4639 -35.3225 -38.9762
-23.4638 94.4659 31.2214
79.9984 1.60964 -93.4498
-41.6699 72.2808 -77.7828
-67.2942 45.5327 -4.46442
-33.2705 -71.7416 49.3958
19.0003 33.1031 -92.6868
-6.54445 -21.525 -57.4255
-24.2234 68.9232 66.7393
-82.1391 46.8117 4.23942
90.8238 -5.22759 97.2921
23.976 -53.6301 31.2281
40.5887 -81.4296 78.4664
-22.5726 95.3472 26.1776
81.5952 -36.455 -18.2254
86.7991 -22.2908 -95.8105
-29.4634 36.9425 32.8219
-43.1734 -45.5176 81.3687
83.9358 -71.2527 54.2173
69.6597 60.0993 26.9058
-32.9374 48.1921 68.984
58.066 -13.5483 -24.9182
-66.6094 32.2226 56.6844
25.5356 -30.622 -45.8975
-5.47024 25.3601 44.542
-34.4321 88.5027 -69.7132
-94.9863 76.001 18.5123
-58.3323 61.7702 17.7418
40.7316 -88.3062 -21.4308
-20.6458 -52.9902 -66.5709
56.5953 -29.7274 -97.7788
-22.0077 56.3699 -11.4767
-97.2878 5.86012 -25.2178
41.8155 61.3827 79.5132
-84.9312 22.8855 42.3036
98.5467 -81.3876 -9.98683
23.0106 94.6467 -69.2983
-14.8021 -66.1016 49.1077
-87.7951 66.0862 68.7473
97.7826 -63.9674 2.38661
71.4353 -5.0249 61.945
47.4401 48.1362 -33.0478
-3.13113 76.6502 82.0668
39.441 78.095 54.5491
30.8635 7.52868 -70.4107
88.1602 45.9066 -80.5466
-82.3484 -65.2835 38.1642
29.3237 76.1503 24.6605
17.6743 -12.2738 -89.5691
79.9624 -71.096 -63.3928
16.1539 45.1707 -51.9604
12.075 39.2124 -22.2077
-87.6696 82.5173 39.356
3.37024 23.5826 31.9254
56.907 62.4309 7.24989
53.1958 -65.173 43.0932
7.00564 -59.0565 10.8541
25.55 -32.6709 41.7413
32.8809 -61.7907 2.6725
-73.033 40.9065 12.8208
75.1893 1.35904 7.55323
-77.2084 -5.36973 -48.1648
93.4182 21.933 -28.6128
34.6274 63.9678 -71.7708
32.01 -80.8921 -9.88818
37.543 -75.5724 -29.1236
38.9824 59.8448 -97.0339
-7.87323 -45.6522 68.9606
-47.8529 -73.2211 73.3018
-69.9723 -38.5792 6.5354
55.4414 7.51742 -14.7594
20.2977 65.8376 -90.9745
-25.1995 -89.0034 -66.9634
81.5084 -20.5609 -3.32513
21.0904 -63.5245 64.522
-32.1827 -38.8665 -77.8147
-20.039 50.8927 4.63545
-6.73666 -56.593 -49.5783
66.2727 -29.5527 -92.2099
50.4226 -3.93113 -5.38247
68.8917 96.7979 65.501
-33.5693 54.3958 87.3176
81.5656 -49.693 60.3777
-36.8269 -5.28098 -79.5979
-56.0007 45.0012 51.6611
-36.9279 21.1969 18.3096
-46.4205 72.5724 56.1139
68.5947 -91.9342 -94.9057
16.0177 -79.6797 43.7612
74.9697 2.98147 6.54191
34.3844 -28.1367 -61.6484
80.2906 -60.7443 66.2638
2.14726 81.1387 49.7261
-55.7687 65.9884 58.9981
88.7695 78.5632 12.1225
5.25868 -63.7116 -15.9039
-89.2619 51.6545 -4.64413
91.7055 -18.5444 45.2975
0.932779 53.1765 -24.9111
-83.989 29.7498 41.7063
-89.6274 -71.7769 6.04827
95.3451 44.0131 -4.51307
-6.53814 -32.7192 -16.9581
55.8271 4.49371 60.5085
-4.38342 -39.9066 -68.571
-94.3424 -71.8099 -5.75514
-99.0982 28.7443 -18.5869
-91.224 81.9196 23.284
68.3453 54.1023 60.1962
-45.1689 72.1119 51.1954
-71.9542 -54.3503 -99.9242
72.4227 91.5618 29.1729
9.61517 -17.7137 68.2518
-54.5834 16.7499 34.5332
27.7488 63.5421 4.70816
98.8696 -14.0352 -81.1897
90.4856 72.3267 -69.3978
-82.1964 69.0105 85.2785
-75.3851 -41.1253 -55.4352
-68.1636 -36.0709 95.9333
12.2704 89.3578 12.5984
13.9987 -78.1039 90.3072
84.6814 80.4121 7.15099
-86.6411 33.0811 -36.9188
68.3179 10.2853 2.379
-58.2229 51.2225 19.9899
-42.2814 -77.9207 94.3968
27.6859 88.0996 -74.7455
19.8665 17.0534 -90.787
78.4351 -78.7114 -56.002
-24.2634 41.2487 68.367
81.5348 -95.7269 -92.9659
-55.0061 -86.2543 -78.1819
46.7739 -61.4602 81.5433
30.636 -51.0559 -99.5367
-77.4657 6.32468 52.1902
-79.893 -55.5364 45.7928
20.8433 19.6059 59.0103
-24.31 -64.8035 -45.6108
29.6975 -1.43026 72.7065
74.3892 41.838 45.9891
-85.0665 5.19404 -22.3647
98.1491 2.12707 11.7606
83.7271 71.2783 19.4316
58.9102 90.1788 82.5878
65.0931 91.4868 -94.0972
88.899 -44.9912 -13.2067
-78.3874 -13.6122 76.1642
-95.1832 2.6701 45.6723
55.746 -48.2326 -84.9012
-47.8463 32.3972 -89.9019
-75.5596 40.7604 -78.2698
-85.2526 -49.9134 -81.2565
-70.4625 -46.9962 -25.7575
-33.7369 8.12632 -14.7428
-43.0303 95.7877 -9.81393
39.9065 -4.46541 -57.8823
36.5144 -80.4779 34.1549
27.9941 -50.6525 45.6125
76.3254 15.9281 21.9946
5.1796 -94.5112 14.7902
-13.2768 19.6939 55.8253
-48.2368 -6.57115 26.4169
67.664 -37.7119 87.3836
-64.3343 39.4621 95.2834
68.3867 23.6064 -86.0225
-81.3647 -85.4298 -33.2018
10.1496 -40.9923 32.2557
-46.7707 22.2258 -0.097947
-94.8512 -59.3784 91.3618
50.9475 4.35817 -44.2704
-50.4882 77.709 -68.4826
14.6726 -81.7242 -85.7101
26.0994 98.617 0.594589
-62.0971 -81.1921 -56.3704
50.4022 -82.1958 -69.28
99.0932 -47.6943 62.4442
86.3808 21.8767 95.5418
86.752 -38.1901 -37.7239
-39.8083 72.0253 -86.5813
27.672 -10.706 -87.2079
-37.1705 30.226 -32.7656
81.536 -75.9306 -95.5831
17.76 62.1672 -54.761
-78.5625 67.6703 -89.8062
4.02006 0.759549 -48.3204
82.8972 -35.0477 50.9962
16.339 7.48819 -91.9696
-8.55781 -50.2578 90.0877
-99.1993 -15.7751 71.0647
16.5555 -84.0896 9.24013
42.105 3.71099 -77.1289
-21.6186 98.0266 -81.6827
-2.99503 69.0557 -26.888
-99.1882 57.3053 75.3992
94.4991 44.2079 -0.253332
-62.3477 -6.84128 -59.5852
96.5329 42.5876 89.0191
-75.2666 -49.9266 30.8038
61.2275 17.8043 -29.9753
-5.64683 -7.07554 -27.0072
98.0732 34.0724 1.99843
-90.8961 -21.3243 -97.7352
-68.173 -0.265845 -92.2181
35.6193 -64.161 99.1528
44.9323 -17.9538 84.5095
63.9134 -13.8817 -95.5295
-32.6269 19.5336 -72.4881
-8.98567 15.5134 36.0688
73.4237 -6.19567 43.5705
-64.8118 -12.9454 57.0054
10.3229 40.3549 23.047
-78.4629 -19.2649 11.0811
54.5489 -51.2785 -3.23916
46.0704 29.6485 54.9467
-0.145952 22.787 73.6589
74.3708 -63.8921 59.3764
-15.0245 -7.53479 49.6765
57.7779 24.8803 -62.0442
83.1459 4.38731 -95.6945
12.8107 -91.8915 99.2925
-40.1839 -21.4912 50.8727
54.0502 16.1077 23.4029
71.5114 48.0822 -63.9046
-97.3862 -21.0235 -58.7279
-37.3746 -3.83391 34.5721
-29.0919 48.9567 -32.9494
-9.46975 77.4069 6.63701
37.1038 -58.5413 -44.7014
77.6789 54.4154 -65.264
56.6001 89.1181 91.6102
47.6442 -11.622 -36.5906
-22.9377 -96.8154 10.7058
-87.0233 4.76049 5.45784
-32.8646 29.1581 -85.1544
77.9607 78.6942 -18.4498
66.6103 -68.0413 87.4021
25.555 23.916 52.1878
-26.3337 -27.5151 -64.7472
-50.6192 80.8238 73.7419
20.9495 63.8818 78.4797
-2.44421 11.5241 82.5591
-18.8248 54.8365 59.8051
40.3249 -43.5963 -57.7075
-46.6166 -77.8138 -93.0998
-67.9087 -62.706 -64.1174
89.7997 -89.8394 26.6721
86.974 -41.2403 -48.7092
-75.7756 48.2977 -22.7981
42.6616 35.4307 -92.7324
34.4215 22.3567 26.0302
89.214 -7.53719 -4.67301
